45
5 1
1 2 4 8 16
3 2
10 2 5
3 3
10 2 5
11 9
496 389 169 199 14 498 335 325 101 331 405
14 6
505 32 487 69 110 373 80 297 103 187 263 6 238 333
4 2
141 224 86 18
17 14
15 363 91 324 447 405 217 510 361 211 30 320 263 139 166 326 420
1 1
155
4 1
487 176 323 100
2 1
101 249
9 6
100 222 423 20 115 128 18 459 322
18 1
58 154 416 383 62 157 368 200 398 78 159 62 384 258 429 264 343 150
2 2
234 105
99 34
516 1300 989 1278 210 578 1483 1747 1812 1484 1483 1963 1598 1186 424 1035 1190 193 1211 1155 506 1907 589 1875 673 1142 382 333 861 1032 1351 1376 331 691 1006 892 1269 488 638 1080 323 473 1042 1921 10 1817 1307 1199 10 517 706 867 776 1646 741 1800 787 1122 132 1999 153 1482 1727 835 524 732 79 1792 1571 1068 1223 1893 1540 617 165 1550 785 1472 1100 1146 340 157 12 1115 1802 752 914 941 225 1397 939 729 1230 1017 1564 1754 1748 1642 1545
70 29
1120 1915 601 1736 79 150 520 1902 1601 1666 242 1758 1677 1708 1911 781 974 851 1357 370 142 86 1600 1158 1649 1705 1258 1642 1249 927 702 720 841 1302 455 1272 1803 1327 1173 1404 1344 1766 1513 1020 1826 1423 152 799 274 1509 1520 767 1594 1119 1924 1594 823 1533 1587 424 460 288 1143 1652 1942 1950 1275 96 1276 800
51 29
565 1363 1990 390 786 494 1540 1411 2 1060 177 1947 530 452 1892 1353 1985 1478 128 796 1765 1622 447 58 1571 1722 506 1198 521 356 1816 1437 1719 158 179 856 651 1718 618 652 777 1146 950 1307 1597 841 1011 1581 318 1490 376
34 31
1175 844 1034 1248 1349 231 120 1704 399 1556 1774 556 86 981 1206 1804 1950 209 932 1095 1510 590 692 350 1952 624 1019 1793 1352 1804 904 878 647 289
25 22
519 244 403 917 151 176 1824 237 1509 1381 392 1810 1589 1675 905 1098 617 1948 1799 568 923 1169 713 274 973
16 15
1971 256 1627 318 774 1870 1072 43 373 1599 218 609 1107 1599 1352 917
87 85
173 637 1994 120 787 914 1042 1956 1626 1668 1280 1593 1170 1602 1848 797 1919 621 1018 990 1015 1742 589 1233 702 47 1183 53 1315 721 1431 1487 1357 1776 1958 496 689 1352 803 314 1019 82 258 540 1683 105 1688 1954 1078 1058 1295 92 799 235 1676 1501 634 858 1905 1948 1931 1335 1787 1287 1463 96 134 151 1447 936 817 817 1369 1074 1357 1404 1179 1396 1709 608 453 1355 1051 1252 1942 727 1104
75 61
1008 874 1866 695 1012 1505 157 1108 1990 659 554 1278 1475 1723 998 901 1079 753 79 826 461 686 1279 168 88 882 109 1166 1985 1035 1102 1344 260 1319 38 1272 1175 546 731 1517 1205 1636 794 679 1358 1791 1579 788 544 9 1614 1356 1046 892 1523 1134 125 1983 299 461 1017 1752 1804 1277 1423 194 900 949 739 1630 465 1943 1265 1258 622
75 26
552 1762 296 913 1375 1651 1958 618 1526 1443 1094 1860 94 1554 877 1845 1358 505 1619 1551 1756 568 289 1737 1032 584 1353 642 1557 327 42 108 89 337 1020 1815 339 1330 433 216 1124 1526 76 1217 1432 1304 1414 1141 160 1032 691 1915 1599 1331 3 631 1914 1355 1272 1470 1682 1665 1930 122 353 1301 1936 691 982 720 1259 106 598 1334 1322
81 31
735 1521 1148 1767 211 1414 1717 1893 1416 347 159 770 1970 1980 803 1634 261 924 1986 1562 1212 1029 543 283 287 648 1232 1972 322 1612 960 1408 1484 107 1526 46 1520 1243 1939 935 1941 449 56 1911 428 859 1896 1041 134 1882 602 1697 1262 1496 332 1548 496 1915 1519 817 1879 830 576 1362 1288 102 1408 1159 1344 1698 445 1284 146 500 1546 925 1710 1442 1965 196 1675
566 566
936 414 575 835 909 490 705 77 720 1534 652 81 821 753 1488 1979 448 1185 423 84 1682 1274 1629 607 984 1422 571 1531 1096 1489 1774 383 254 349 1217 1162 1190 1921 1238 1909 1806 241 341 978 1346 1829 956 1793 1365 1730 1876 1047 1356 1857 5 339 1630 927 221 1078 767 1994 1460 1020 342 1029 533 1883 1301 1770 143 1107 363 484 84 1708 664 1392 1500 28 1473 1728 1426 828 1936 1430 1518 1565 709 1738 642 1475 84 454 495 425 1482 1027 660 782 1149 802 240 1511 1285 676 1570 1948 419 1069 328 243 1148 1753 1071 1435 1535 940 1000 243 1030 1993 69 1113 446 563 1889 279 1942 900 1413 1442 1702 1652 1304 1338 679 873 1638 1097 293 1965 1340 1441 69 762 875 1603 53 226 197 1082 219 266 546 1016 1180 787 1295 1473 1686 707 914 1739 710 217 1077 1389 1089 714 485 1734 1030 176 1526 1098 937 752 1053 990 978 1249 423 1548 1866 1321 915 1398 107 561 870 144 1267 1784 1883 329 352 1311 69 1793 376 905 1526 1405 1081 1051 502 369 1802 1906 1358 1131 1507 133 1030 1372 1453 1945 1121 1911 505 1991 54 124 126 288 452 477 1598 520 269 1973 1424 146 1377 856 1196 231 1225 1350 488 934 480 1994 1066 1510 1718 518 1806 838 428 310 828 482 433 1305 769 1236 1782 719 1755 402 691 1531 548 420 738 95 1002 1962 1796 1489 896 276 1835 1961 137 1552 831 1942 741 1258 603 1921 91 1036 1225 1212 271 1358 282 378 1760 1324 260 659 95 997 1105 1096 959 901 937 206 1528 1123 518 16 674 1348 309 1414 958 911 1686 1400 1946 911 963 569 268 1244 946 379 568 1205 1389 1014 553 494 110 1863 1746 1398 68 1273 520 586 1640 1545 285 1948 1310 1594 858 996 994 1156 258 1956 1724 877 1552 669 1256 471 225 996 1484 1129 1841 1945 992 1586 1694 1411 1210 213 348 849 109 633 1148 1419 226 6 766 1571 1161 1023 1879 884 1899 1430 1904 1506 252 480 502 87 1608 694 32 951 280 1725 362 1841 290 709 1042 398 1693 189 168 1919 194 933 1841 1706 307 1719 941 558 1500 844 63 1751 1675 916 1838 1635 1962 221 585 593 297 1298 433 586 7 1474 1336 1699 15 1855 1969 560 1140 1810 266 1446 1528 1206 355 1380 402 770 1482 76 37 1671 62 1998 1891 999 590 188 296 1023 1125 302 848 812 353 1214 667 321 1774 1806 482 39 1603 362 1596 310 1741 1997 1079 1222 425 1115 893 486 1113 1135 1484 54 1674 132 1076 1151 785 276 1962 1137 1489 980 1810 1614 1137 643 1652 740 1004 1248 1049 744 1596 479 318 20 1593 1562 858 1057 696 693 1111 722 824 538 1872 1609 813 185 1097 654 1165 1258 267 301 1901 271 1392 904 1870 440 2000 1465 918 669 1837 863 230 694 1919 1277 1738 1029 350 562 1567 221 522 731 406 1970 1736 1570 1228 355 1870 1480 625 1262
735 229
53 1086 310 1323 1754 146 185 335 1191 455 1964 929 1484 313 1842 1402 534 715 484 1291 1036 220 860 263 574 1081 94 1198 694 829 43 1099 1914 704 773 20 850 1309 354 392 1763 317 1672 1598 982 1865 999 1515 579 1483 1157 1967 54 368 229 627 1800 675 176 846 1503 570 1944 1768 1273 716 1787 474 376 493 1218 138 1161 889 1736 142 754 1086 8 1684 920 1164 1650 973 1883 231 1599 1683 1257 126 528 759 695 471 878 320 1538 1017 1145 1913 1509 362 402 1021 1251 137 1515 356 1575 1522 391 494 1038 393 1467 920 975 1417 954 231 1895 1481 1341 941 303 218 1260 192 1234 405 456 1094 766 858 115 368 1346 1981 1075 920 1502 1466 1766 891 210 1232 163 1184 1000 1468 1766 1246 949 1106 187 1603 1323 1446 1795 909 202 250 2 1320 1107 468 39 453 448 1114 1724 302 931 1489 1544 1140 1072 58 675 424 1526 440 1669 826 1897 1855 428 1219 1653 222 479 1854 472 833 1525 1930 1652 1564 382 100 1029 458 753 1959 1946 648 1450 1370 706 476 1793 583 915 1461 1408 811 1316 1835 381 968 57 1212 1173 880 44 698 809 1695 613 1543 146 1641 2000 1250 1951 297 1898 1400 1666 955 1875 1458 1537 1141 919 1296 303 234 1130 1035 1553 1186 246 1077 417 641 126 1226 336 738 768 833 730 767 435 680 1063 684 79 729 1990 305 186 1878 1445 1456 1173 1747 41 302 782 1593 1840 1027 1022 256 1668 1147 1481 355 237 600 1539 966 1366 325 1646 781 1008 1724 1861 997 29 398 874 1825 1854 46 1572 1894 700 353 1839 891 1731 860 1146 1750 358 979 456 594 1578 347 1560 944 671 1205 76 31 1280 1936 1027 1660 333 253 1485 186 650 1408 432 1701 112 622 591 1842 1481 1737 1944 1838 715 751 432 644 1097 343 1939 1768 1547 14 1798 1178 301 1176 1190 634 1780 674 1171 782 81 1954 482 544 575 1073 737 55 1161 680 245 227 1431 1028 870 879 1722 1161 998 1620 1174 1147 797 1475 675 1986 460 454 1011 1982 1587 1443 1936 69 1986 510 1493 723 917 1005 1754 1513 1583 1536 892 804 415 613 1964 1412 232 1490 911 1380 1316 1585 1718 1775 390 728 108 1977 171 43 397 508 905 1889 1230 173 1245 1336 1685 827 871 928 1630 1637 1540 1946 1401 123 1435 311 1502 750 1895 1219 876 284 299 983 260 821 1026 1008 1328 282 896 910 454 492 245 490 1670 1115 1417 1300 1104 1308 1597 504 1430 1031 814 1283 132 708 502 1007 1343 1152 1989 1955 1972 1366 962 1299 1999 210 208 452 701 804 941 371 1919 709 22 1374 16 1618 1877 1445 1000 690 728 1131 1749 1581 489 1091 732 829 1045 703 547 359 1 545 568 561 997 1268 1364 289 1990 1634 998 363 1007 1013 332 883 810 1331 1924 1889 813 1672 1821 1653 1115 552 482 511 1606 1028 869 1958 1572 1436 518 920 1056 234 1561 1397 1867 910 1760 1226 274 91 460 1083 1774 384 1323 586 407 1143 239 1521 1694 1072 384 1651 99 1252 1609 22 1040 478 1294 447 711 1206 1843 578 115 1602 155 388 45 614 1823 1818 997 1145 755 1756 288 1345 1628 333 416 11 336 866 1615 1944 1240 654 421 885 1452 1132 90 1294 61 204 1248 215 943 1644 1180 765 1461 177 262 567 284 901 1912 1911 1585 679 1922 1920 1545 1536 1863 1136 541 636 20 1992 1767 461 1637 179 1016 1236 745 1958 879 1924 1075 691 452 1688 1258 735 588 1169 998 172 199 919 92 95 806 306 1230 1698 941 1601 1689 1059 61 1677 1237 1428 1265 333 1738 143 609 812 834 1060 499 443 147 1438 1963 1144 1609 161 414 52 256 1219 358 1837 916 1298 1438 956 357 1850 984 1945 1278 248 278 1015 743 886 178 1928 297 1028 370
795 240
332 290 425 844 703 477 1099 273 1186 1288 1540 835 725 847 1191 926 1831 1488 203 430 117 1569 1172 1354 1746 1099 2 773 1820 797 1589 503 1086 14 1347 141 842 797 413 27 84 1953 861 1160 799 404 86 981 1891 640 1763 359 209 934 64 306 385 65 1431 556 1213 1019 1059 299 1384 757 439 225 1905 851 251 1989 1155 1112 1500 306 1867 1585 1286 109 577 1048 467 785 334 530 1442 1070 946 872 1625 159 1891 1035 457 1274 143 1247 1851 48 449 101 388 1956 1564 1887 261 1430 1824 1546 1538 400 946 356 1536 1631 1237 977 700 183 1849 676 341 91 63 1149 1716 205 747 1566 252 1195 1667 639 1150 1582 878 1410 1012 701 1308 901 1100 605 1257 635 235 493 1611 1286 1027 1811 1961 1367 1901 375 867 1617 580 1613 1534 831 1160 1200 1822 309 1134 699 71 497 1399 1730 1397 850 334 1005 1836 920 1850 1446 205 876 1609 517 595 1861 892 1461 1477 1471 1426 1363 653 585 562 826 1245 47 1524 1315 543 1274 1396 292 123 81 1296 1958 1000 1497 1756 1556 373 1364 425 1319 1224 1316 1131 1053 1138 556 415 142 1140 1328 968 385 1727 843 51 269 117 1799 560 591 1879 208 549 1231 1704 656 1138 428 371 1562 1746 1946 877 1229 998 366 1784 1764 860 1276 1444 1827 12 1170 1021 62 1790 1137 212 350 1728 91 557 628 1673 612 1283 810 1040 1653 372 1137 1598 1600 365 948 318 501 1063 1177 1776 506 1355 1787 27 375 200 1817 1512 764 518 1591 1206 1074 218 878 37 1500 1687 1428 1504 410 565 1453 362 1281 400 679 133 1815 1855 260 672 1209 398 699 1583 950 867 1446 1713 1384 1036 918 809 1605 1795 845 1456 1833 273 959 595 1189 412 956 821 1163 1634 954 977 1840 1565 1649 1400 1963 699 1334 912 1565 780 624 948 167 1893 108 1772 39 952 1579 223 1576 538 817 1116 1301 1772 1937 463 1757 1242 1792 1948 806 1792 1347 1120 490 681 31 406 1812 1006 1705 1978 898 1812 101 936 1115 1680 1159 691 569 327 1806 1869 451 94 683 207 1335 826 155 493 969 1501 1612 1458 533 1995 215 344 1000 1919 322 250 82 774 1185 1197 805 695 1887 1373 1022 44 1593 1472 138 628 30 1824 1453 536 316 422 389 280 231 921 274 798 1265 1625 716 1938 1874 798 1063 1411 1994 1868 105 232 1592 1478 275 1185 949 412 1812 1331 588 1616 1866 1255 389 254 1534 972 1175 159 1769 791 1784 836 728 1657 1985 142 1067 1978 9 1524 561 1601 1001 836 1137 302 1599 1300 1632 186 915 1497 1793 1304 103 1326 275 1629 1837 395 419 1620 1230 1498 1628 1215 1639 1047 1544 2000 570 105 1952 1922 1292 1088 223 1242 387 206 1780 1653 55 1572 1308 157 1249 1934 1785 1085 328 555 704 1558 404 684 772 42 1730 667 393 651 771 344 572 414 1431 1147 1656 169 1352 1787 1822 1758 1358 1481 1914 606 1415 50 1691 1742 956 746 1651 1359 1781 774 1753 1510 1441 145 512 563 489 1436 977 271 582 984 440 285 770 613 43 479 93 308 1436 1859 710 1478 1953 1665 576 1603 1024 356 377 776 218 169 1272 729 731 1760 516 59 31 1449 1394 822 1734 515 1786 128 993 230 787 781 89 1496 258 41 1513 1185 1995 888 1541 723 15 1758 891 1286 838 1974 1046 1354 384 1428 802 1778 601 887 644 738 1366 1989 967 153 769 1407 2000 1378 1447 1512 563 1442 399 455 164 413 212 1407 51 1401 1732 1448 1106 115 1227 1908 244 1827 1146 888 916 512 876 1882 1016 1996 1289 1015 1725 1087 527 287 528 1277 1093 1044 42 1304 802 92 1057 533 1539 162 647 1117 421 891 1295 1567 130 210 78 1357 91 1093 1352 1731 459 1076 818 985 1715 1697 614 807 1092 655 463 1893 1098 1871 425 988 32 1424 104 453 666 1398 371 795 1959 800 503 49 244 206 132 702 1633 1301 39 1347 997 652 506 441 1658 1320 333 1107 1190 1110 94 1573 885 549 377 1550 298 747 696 256 1546 1198 656 1789 1403 787 491 1387 87 529 734 1436 1532 1591
228 197
1262 560 295 451 21 740 23 905 1640 752 806 1937 1498 1501 192 1044 1050 1199 1184 804 338 1674 191 424 554 1276 211 85 1218 438 1625 479 1350 271 1281 1722 1010 1655 979 649 406 1784 937 1904 1637 1480 1299 1038 679 482 1842 1016 508 384 1791 1061 11 354 1498 1228 791 1122 58 492 1393 1338 214 754 992 1192 1755 1398 1327 691 1653 963 171 951 1 849 1432 194 216 1939 929 6 1352 939 359 849 518 1502 322 927 1993 66 264 558 820 1255 101 574 1004 1428 1616 656 742 1786 1606 1094 986 1390 1287 1201 1328 567 1207 679 1505 1917 1879 374 1418 201 1300 1763 266 1915 320 1437 1522 773 362 525 200 1978 1533 1293 115 1138 387 1101 879 25 301 207 592 1859 1237 448 128 1468 822 1545 1668 473 1659 285 388 331 74 1909 1103 435 785 1654 764 317 946 1231 1807 1332 331 685 1357 983 1243 300 1194 832 747 1321 299 1568 1217 1966 393 876 602 780 1558 675 1040 660 1462 1824 313 577 493 1610 1807 299 1294 137 1335 650 1472 578 1301 665 1409 47 337 1707 1967 1553 24 359 780 625 1490 337 1652 881 1348 1113 704 12
1689 1295
1622 1848 198 915 336 1533 1916 1807 462 1216 823 1870 1262 1511 1928 1580 1416 303 1938 195 927 1779 884 930 659 231 42 1715 243 83 1262 216 282 1460 1130 617 1344 1397 776 1805 964 1598 26 225 1109 1953 1805 876 255 94 1070 1533 225 305 463 883 888 856 949 1482 1290 563 1697 1571 374 1178 540 1717 574 1315 1873 1537 912 1898 113 372 1850 269 1247 456 715 669 340 939 1325 802 173 212 10 1122 1693 1299 36 1741 1222 409 918 1761 477 1491 1075 349 1379 338 246 1492 1062 447 112 660 902 826 1680 1593 1764 1005 395 289 1568 404 1762 1261 54 1797 1353 1627 205 271 1387 1033 113 461 1381 1492 1151 1978 1335 212 424 1446 871 1677 272 551 1269 387 1907 15 675 1474 770 436 1086 824 232 439 450 788 1061 189 172 1173 1001 1552 664 151 1881 1998 714 304 1444 1585 332 67 487 1953 453 745 1967 1480 218 737 267 1656 1912 851 446 713 1638 1506 1253 162 678 254 65 1342 756 1946 1691 1470 601 1486 1054 933 1904 1892 1237 709 636 1203 188 1205 291 454 860 554 1304 1305 1619 1294 810 871 1455 1840 1476 1871 1533 232 1816 1223 1701 417 1061 1106 1701 964 997 937 1672 1984 491 1859 1188 1134 665 48 39 320 1704 9 1965 866 1232 1419 705 707 1642 237 938 1457 1811 990 225 1223 95 277 187 1091 1213 1858 1074 56 69 262 1541 1085 661 1931 1404 716 1940 1369 1581 1171 1139 637 229 780 1225 1519 589 1388 508 813 610 603 1090 796 1693 654 1006 1119 1061 1426 1732 953 510 744 884 265 1459 1175 1985 1392 697 1476 28 925 607 1605 443 1195 992 951 360 1601 1905 1449 749 1949 454 106 1067 1867 1883 1150 819 744 1893 54 1008 1704 1228 1345 1095 276 820 1474 1201 1426 1078 1995 973 421 1297 1332 374 1201 1132 1474 1150 1937 1579 568 1803 1461 1718 974 204 1962 1027 1563 17 255 1259 1111 882 78 937 434 1856 366 429 1180 1139 77 863 1512 1278 1994 985 779 282 915 1346 85 727 1415 1058 930 1729 436 844 1745 690 103 1208 1924 532 496 357 739 861 785 1918 1999 1214 780 1862 843 1125 846 1621 1407 112 1318 1843 838 1085 900 119 813 1335 963 909 377 1417 116 652 1948 611 1008 687 1824 145 956 1822 1358 1736 36 200 860 881 172 618 993 1489 460 1830 925 1711 301 1737 1398 1263 646 126 679 1113 777 978 76 1784 16 1899 280 972 72 1637 1059 107 1836 270 1340 7 888 684 1848 1699 865 772 1762 1165 861 1159 427 1858 1636 1457 970 412 787 1045 547 802 1295 827 125 1367 815 1535 1825 651 1805 1164 1009 1044 1847 1208 1094 712 1980 855 1876 1192 13 655 1049 2000 111 370 763 1249 1767 1310 403 1061 488 527 779 1302 414 604 304 218 119 1665 1613 1966 872 706 1029 1203 1561 904 394 1925 1558 1794 1925 21 164 687 1269 282 348 23 1342 1187 550 473 489 963 1076 1144 1532 1194 808 1144 1511 32 201 539 1586 113 1795 1980 38 1352 125 314 1724 640 1352 1345 921 1700 1367 263 886 268 1087 1726 1582 162 1222 1113 1707 381 608 1218 412 1161 108 350 1273 1902 681 1662 1606 805 1975 1329 1445 1327 1025 365 1378 392 979 615 659 65 693 593 578 1914 1705 285 646 665 1854 1410 177 313 1759 1449 215 439 1111 1820 1243 1437 1500 1039 763 525 1404 492 1268 734 1107 278 1151 151 870 1728 416 927 364 1061 1591 569 470 1767 882 580 1567 1096 1018 1029 1267 613 466 766 3 1228 1642 1758 72 909 492 1530 1187 1642 1680 56 1721 95 982 85 1507 924 653 329 1042 1534 908 609 981 278 1637 599 1242 102 1365 1244 1682 1006 1002 105 267 1845 1634 1453 1486 1313 1860 1206 1759 842 1642 1265 1765 295 1593 1159 180 853 1767 1513 1482 1755 111 723 209 1827 318 242 1185 1319 346 1451 1163 1979 1255 1000 1643 1114 206 1753 1955 1847 1017 72 493 962 1230 1025 166 1348 537 1647 1454 999 369 1662 826 686 255 10 357 600 1812 1519 930 1066 871 924 179 1076 676 486 1274 45 557 119 1358 138 1143 1523 1837 31 1521 1290 1029 241 1304 206 1278 1558 567 1634 510 730 1505 1439 1795 375 715 326 1802 1742 1163 1427 1786 71 1545 1495 208 1039 1017 396 1069 537 1685 450 1129 988 1007 407 898 1926 40 1407 655 1896 1197 802 622 1911 1479 423 1653 641 1850 1790 711 1746 1285 1270 785 653 1665 205 1542 1701 1006 670 1041 365 1076 1938 290 1468 1696 1296 1363 892 97 1985 1155 1575 759 807 567 960 948 1277 706 232 898 1842 1237 562 398 778 615 1756 1447 1655 120 875 1944 761 694 1639 408 56 882 505 392 36 431 1503 1194 1350 462 142 978 1519 725 1876 1712 1961 789 462 738 1403 217 537 1409 688 1763 1352 1800 456 1342 207 863 224 1063 1607 259 1846 1109 1453 1195 1922 1946 172 1793 670 399 1856 631 1188 317 1720 942 885 256 703 1924 370 54 75 825 1748 282 1688 1971 1696 1294 581 1893 402 385 1087 675 330 1611 467 1000 361 323 1982 1548 991 1701 842 1876 309 1544 1799 678 1949 1874 1855 1696 507 1542 18 554 835 951 447 1588 1335 1885 614 17 1847 1081 1368 208 1755 1349 107 745 1401 948 620 61 843 771 739 792 996 593 839 1854 486 857 759 1672 1807 1557 1611 1493 1442 224 1509 1640 1656 1228 1847 1410 576 306 507 329 1253 1478 389 96 248 1127 1239 1595 71 77 1800 908 1285 559 579 1091 115 189 936 1908 765 796 1548 420 24 1746 182 599 51 688 927 1656 165 1668 103 765 1146 1341 359 1217 1769 511 476 1054 1069 1055 496 1535 1595 1431 1443 711 227 1342 1131 602 1087 1312 1552 1490 351 831 1497 515 498 1951 1631 1643 1643 1990 1211 1411 500 1687 464 1920 1093 1312 1454 687 742 1248 1398 1320 589 880 273 28 543 1825 1869 893 655 1365 1759 1152 1315 1390 794 1309 1731 357 719 582 43 1535 853 1135 846 306 1821 1939 1554 1570 1611 494 801 1883 873 1343 59 741 587 713 457 698 216 123 87 1362 1431 169 1718 150 1102 1760 1684 1954 1246 881 259 1418 1171 164 988 781 1010 1788 1016 1882 1483 1074 623 69 139 1079 1118 354 1202 1204 67 984 1724 1784 1133 825 1895 1168 778 1140 400 1389 558 1571 1904 1897 703 913 36 1718 795 1870 1144 1417 1939 1282 847 1408 1987 400 964 406 1384 687 541 868 1512 436 36 641 1927 435 381 836 357 285 732 1060 1197 1120 1129 1991 989 272 1759 927 1905 958 687 244 1357 1650 649 1092 336 1189 1960 199 1976 1995 1192 1903 781 1572 738 1490 1856 1822 549 1053 941 1677 1395 1929 301 1154 1208 205 111 1894 800 1819 1543 1448 911 1878 989 870 429 964 1216 1620 866 348 1191 1956 1837 1047 1777 737 451 717 766 1845 645 1066 1350 1852 1622 1812 97 422 1983 1639 221 893 1869 1209 114 297 173 1681 268 1390 28 1458 1345 217 856 1473 1305 1658 189 422 1855 1186 1487 1556 1389 1461 1368 1486 234 1350 1476 454 594 1344 1663 1059 1992 187 739 259 1576 1118 69 1273 1334 1276 745 991 934 1286 1412 1140 823 1251 695 211 1063 414 48 1296 115 1876 1749 708 1571 1763 1766 1563 1949 504 173 1877 1974 241 1149 1659 1869 245 649 1154 1530 413 293 352 1663 987 915 1077 1401 1314 372 1515 1189 472 575 760 587 340 674 887 1196 846 763 1169 1439 263 1179 1307 508 1828 460 37 240 752 389 254 90 1655 1330 1490 968 53 1357 157 876 1931 1268 1462 622 1941 349 169 786 1463 1337 224 1726 516 1882 233 695 341 621 1286 1444 1361 1891 1534 1015 1572 1375 1983 1976 731 491 851 661 1758 313 1283 1698 1013 1451 835 475 1140 1059 552 7 940 1136 1053 1633 1757 338 1428 1117 580 961 484 151 336 818 126 1418 1308 1328 79 1417 1640 1713 1114 1004 1515 300 1831 1006 1358 382 1364 650 1870 416 634 1626 1105 61 1094 1684 1374 1929 186 61 746 663 1478 405 1991 1908 173 1982 1972 1638 1338 1487 1938 1168 844 1295 1901 208 296 1770 975 1281 1747 80 1342 1193 115 1067 1121 653 1127 219 1667 604 975 1657 864 1148 1991 835 785 1328 673 722 847 1517 369 747 1724 664 869 698 297 967 1129 1638 159 1596 1056 1632 248 182 202 1914 1137 1176 1923 2000 323 1913 1187 1108 1592 1859 181 438 1375 549 1536 1450 1565 756 500 1861 75 1980 1850 233 1575 905 216 174 1438 417 440 574 1593 362 926 267 626 464 1726 217 322 1907 1006 49 807 893 1850 371 1 701 583 75 681 784 659 607 1688 875 781 1477 1291 1220 403 1235 1933 1680 1502 558 143 1227 1126 816 1133 483 864 1940
1727 976
662 1727 1766 1245 153 798 380 812 1405 420 38 537 1896 1328 108 298 915 40 329 768 949 471 1994 74 1287 1479 908 502 1770 634 1567 783 713 1685 379 865 482 759 28 238 1178 65 774 1073 1745 881 1723 659 1272 51 1426 220 874 1771 645 512 1249 1552 1013 1370 538 932 153 1250 616 531 466 1449 1289 494 1687 466 910 812 1891 654 45 1965 1664 1316 367 1089 1536 1240 1212 180 1751 812 84 1116 182 621 399 686 222 1014 1216 1039 814 857 1884 500 1674 794 1664 1564 1799 1708 1528 1463 1023 247 903 558 1486 114 1090 1589 926 1525 1056 1459 497 1454 144 718 467 1359 108 1632 567 1992 132 241 1137 1795 156 935 1502 1684 397 876 1930 1652 1434 1767 1765 875 1707 1042 399 762 500 895 215 995 1964 1033 706 423 665 1272 766 1148 1512 1902 1294 1668 1189 795 1703 1585 22 1984 1236 1807 102 1353 681 1809 394 1431 570 1246 677 785 240 992 169 945 1415 833 217 180 1980 80 434 1273 1747 1622 419 1801 1206 441 136 794 599 238 498 1280 46 1243 1062 967 488 1739 103 1080 1082 272 24 496 1104 592 1028 1436 1024 1461 1060 1122 1082 1831 923 639 623 1058 1432 1221 1295 281 852 1692 1524 1914 659 363 4 761 1442 1085 1032 1818 1933 488 761 960 275 1784 420 1334 906 1853 1516 180 491 138 1237 275 1711 884 555 562 927 430 827 1585 793 1182 346 234 619 1729 403 551 568 1164 1862 842 947 633 528 204 485 43 383 975 533 1972 1601 243 1207 156 1156 133 585 335 1718 1377 1516 415 1963 486 495 365 1388 1063 1880 1249 1904 827 233 783 1382 1069 1178 1765 44 1710 1736 1996 304 1294 151 1811 1426 1088 145 1495 816 13 1909 778 498 756 1495 1886 1818 1374 1486 73 552 1719 856 1934 787 33 50 1182 94 137 1178 397 1430 1680 559 855 767 704 702 1583 716 962 712 1213 1717 558 1450 1534 284 936 1959 835 1006 1166 1120 1792 1550 1169 1326 1643 1657 503 391 1086 534 949 293 1301 4 994 1235 719 1955 1946 284 1672 856 1733 1557 1139 1020 1867 325 25 1032 1797 169 581 1317 1494 575 974 348 1317 59 881 266 703 533 269 1696 1767 1340 3 65 1975 26 920 59 1582 410 1079 1801 734 1455 832 530 1623 1765 1847 1468 691 1172 167 8 1230 1048 625 1933 1580 1245 1980 1699 584 1982 1763 910 7 1034 969 1941 1443 399 1741 528 1853 924 1410 1828 1040 1608 1647 83 779 1814 90 8 1213 714 292 1144 310 272 842 1246 605 956 155 612 341 1123 904 1783 1873 996 663 78 1919 72 257 1311 1679 1903 1393 809 68 1834 1168 1632 899 1460 776 1208 83 1969 453 687 1277 608 1650 1617 82 553 1752 1955 1900 414 384 1819 837 640 1481 867 894 873 1675 962 1058 842 945 1956 301 1720 1163 735 41 1616 1774 1317 575 1423 933 656 328 684 962 227 1097 1345 397 285 336 229 1151 1230 1453 825 543 510 1667 1487 465 319 1559 1628 1054 1599 1595 827 915 169 601 199 824 1280 883 138 1859 331 1834 607 616 170 836 1766 1751 288 591 645 798 609 131 1614 927 1689 1241 332 1639 835 1510 553 1003 111 1104 179 1742 1986 668 1600 316 501 559 1283 1022 1394 1049 772 33 1991 1768 830 599 1899 444 1877 1939 36 209 1930 1223 1718 834 577 180 1937 755 1922 1922 1774 1873 590 275 783 1872 1648 176 1272 772 209 1614 539 1390 212 437 185 441 728 573 649 657 1795 718 1490 371 898 1427 1478 1171 1700 1251 1395 289 1525 178 513 1525 705 136 296 1265 1750 834 655 313 1271 1191 753 350 1763 1753 1006 1909 471 847 280 1368 625 1757 890 325 1359 284 965 1236 813 1829 760 1518 1965 1055 782 66 1888 1788 730 1510 1331 1483 1859 1445 1235 1216 1354 57 415 1633 1776 1039 1741 665 1715 1099 949 680 686 113 508 1445 1630 824 499 764 1241 739 903 1971 248 233 1805 459 1678 1391 1674 1031 1448 88 1015 1223 1479 1107 1888 1193 557 1188 1872 1243 1300 732 1039 930 1907 1538 45 1148 628 947 1118 875 1180 922 1333 1209 312 1359 591 111 1798 1957 1334 1276 1063 1573 469 1971 760 692 1565 59 1775 604 1340 34 493 1384 1181 1120 683 650 1994 1862 1923 1679 1422 586 1037 12 697 834 1968 382 462 1382 1954 1282 1704 713 325 1269 1123 100 224 463 133 716 198 1665 1835 880 314 180 1093 588 210 514 1525 1246 525 221 432 844 954 1245 577 907 526 281 1971 850 1549 1094 1301 1772 1908 1785 839 457 1449 673 1337 114 1204 781 1053 1414 1295 578 1011 171 1150 1794 1015 104 1038 1943 1010 1915 223 1333 1117 1771 426 769 1894 333 554 732 789 354 1756 477 468 1312 1258 1520 725 904 449 87 1074 1599 233 440 1702 1270 383 1063 1537 957 395 1005 728 820 1773 973 1504 326 57 645 680 1812 1473 1499 1123 1082 1370 199 1985 1819 638 1411 1417 870 1850 1118 491 584 180 379 1541 927 1383 620 1746 1156 1944 1602 1481 2000 598 512 164 70 10 1638 1152 1380 1837 1136 1550 826 546 966 47 748 435 537 1683 966 1268 1575 1892 650 194 1990 1805 490 1591 1638 489 540 501 652 609 863 290 112 594 478 1248 143 1655 145 1108 1701 1244 1894 589 1279 859 1856 853 751 858 1399 1092 1014 1888 1034 1003 728 1573 1504 1380 181 366 21 645 1311 498 244 1453 504 388 912 204 1984 805 1144 1262 15 1352 466 765 209 1864 208 1222 103 1241 225 831 813 80 210 1346 797 582 1990 107 1431 233 1559 1934 972 822 137 1307 1978 1632 568 1992 983 1386 1109 1191 1249 1316 765 1352 557 1341 534 1369 1420 743 1066 216 1324 1055 322 1106 1639 232 1039 611 1405 1527 269 1382 1158 837 1373 141 574 481 1683 1822 1797 447 1525 353 1787 58 73 1206 1152 1139 1773 827 545 446 1932 536 1029 970 1498 433 848 1766 1814 6 954 1187 498 1527 19 180 1701 1815 627 1225 519 765 1635 592 1971 1138 82 95 317 978 541 600 1513 1569 1922 1010 354 769 776 167 774 1729 1705 1271 1608 1724 1451 1308 1890 429 884 409 1193 870 1000 1515 8 1433 1610 324 410 502 1275 1923 422 1196 932 775 1965 59 1294 738 140 1350 361 1747 1073 163 1054 1315 943 1937 1723 135 807 1074 2 1166 506 1963 1841 915 464 1115 1189 1237 311 121 364 275 531 1657 1364 670 1006 76 416 431 238 1469 1745 1180 1758 1819 1667 916 892 1668 81 1397 1982 1921 663 445 1387 1852 33 1697 324 396 323 854 404 1687 1524 1762 1762 1939 192 352 1760 288 1883 1869 458 1549 784 1349 1568 864 745 1549 1136 1407 345 522 1610 378 571 1933 773 893 787 1177 931 310 1290 1045 600 1481 1396 711 120 1278 579 577 1179 1362 277 746 577 1373 647 1712 1131 991 586 741 1368 1156 673 493 400 1459 21 1331 120 1310 375 1072 1142 122 134 1613 1751 713 541 929 426 817 1675 1003 189 673 1066 1671 1663 1651 411 1383 1158 1084 1875 1558 894 247 888 1366 1908 1614 789 1401 87 922 1013 1837 1986 1905 766 412 721 792 1766 1261 1464 831 1283 1126 834 1694 508 1991 1129 734 1548 374 1332 787 1739 1239 752 527 639 838 1801 3 675 1786 1907 1440 197 979 583 1962 591 46 1145 1874 1523 1978 1567 383 1968 1047 1116 1868 1420 800 654 1511 390 1758 389 1029 595 189 1383 1269 327 1290 1060 875 620 1642 837 1211 1687 333 1084 1562 310 1002 1944 629 400 1411 496 1819 210 1502 1681 600 1259 70 1980 1853 610 1362 1474 936 1003 533 1811 1623 175 999 833 213 1683 268 1774 344 1621 1717 972 372 1480 1820 542 1689 1673 223 640 931 644 619 1135 1605 333 960 893 1335 1493 1055 1309 19 53 493 583 87 1112 709 430 1084 425 1401 1455 1904 1572 1997 1945 1244 219 584 526 1214 1555 13 818 1887 972 1710 1573 816 764 1234 1186 1168 1726 1769 1254 838 477 35 1921 1253 1436 1728 1509 1359 1724 1805 603 294 740 1480 1507 294 1492 676 532 816 386 457 1983 1501 1690 1169 1021 1415 1289 626 604 117 661 877 1369 448 604 1229 1806 327 1033 408 972 1773 240 478 418 1731 1505 950 898 242 1758 881 1743 1447 49 1115 1213 1337 1740 169 1453 400 1045 1173 847 2000 754 653 678 138 1412 1649 1910 1651 478 680 1734 1982 1629 631 224 1738 1511 318 1184 1911 1432 748 1599 1171 916 1403 1923 312 928 769 663 1681 1773 1340 1818 1537 1340 80 1187 169 759 1272 503 739 255 1078 476 117 1395 11 28 1178 758 1978 348 26 1381 270 337 308 1391 1352 340 1163 691 157 699 383 588 238 551 1346 1861 1405 84 115 482 911 232 1876 921 259 1053 1679 236 1753 1704 1968 374 392 275 116 1743 966 1631 786 1123 329 1520 1710 918 422 1408 779 1827 1843 893 308 754 1476 536 1674 1734 1940 1704 322
100 11
512 256 64 8 1 1 1 1 2 4 128 64 32 128 4 128 256 2 1024 256 32 64 16 256 16 512 64 4 1024 1 8 256 512 128 512 128 32 1024 32 32 1024 4 512 16 512 512 1024 16 1024 128 2 32 1 64 1 32 4 64 128 2 128 256 256 8 16 64 256 256 8 4 1 2 16 512 8 8 256 4 32 128 1024 128 1024 1024 1 1 16 1 64 1 4 1 256 256 2 1 2 512 64 8
100 7
80 48 192 1026 130 384 80 272 768 512 384 40 520 136 576 80 258 68 96 1088 65 18 132 129 40 640 1024 260 12 520 512 20 384 72 68 132 514 18 33 1280 136 136 192 640 1026 96 576 272 12 132 144 516 65 264 384 1026 68 65 1025 260 65 130 514 2 66 520 264 288 513 10 257 1026 18 16 65 1024 3 17 544 258 6 528 160 36 320 8 20 264 36 1028 513 1025 132 520 129 576 3 24 320 24
100 8
160 264 257 1028 1280 17 257 1025 258 80 1025 65 1026 128 1026 192 576 24 130 24 17 320 20 1152 1056 48 258 520 1536 520 640 32 544 1088 1024 258 136 24 513 40 320 160 1152 18 528 68 33 520 18 513 2 68 1280 64 640 576 68 1280 9 3 10 66 80 160 72 288 544 257 520 160 1032 516 768 1025 512 3 272 9 72 258 129 130 160 1056 64 320 1152 64 48 17 18 1536 65 1026 136 1026 288 514 513 160
100 7
5 1536 80 130 258 260 66 66 288 1040 132 4 9 520 320 514 576 1056 68 65 72 129 192 1280 1026 384 514 1 1032 576 768 20 160 514 1152 544 768 1040 40 24 272 20 68 24 9 1536 640 10 4 1024 640 80 10 320 576 1536 65 1026 9 6 1040 513 1088 258 514 384 520 130 1536 33 544 520 132 288 320 272 132 72 130 513 24 384 516 9 34 264 528 96 130 513 1028 320 40 144 320 33 1028 1152 1280 1028
100 6
3 96 17 1088 1152 1056 640 1028 64 1056 576 1152 17 640 516 24 768 258 64 136 34 4 260 1026 264 129 544 144 1025 2 544 68 260 640 8 1536 6 768 72 1536 768 40 136 4 136 18 130 1152 576 12 132 640 34 20 9 1280 3 4 260 4 24 576 12 33 128 12 640 384 12 528 72 1028 130 16 20 80 544 144 130 768 258 1536 384 1032 258 3 257 18 9 68 256 68 1088 1088 144 16 6 516 544 192
100 5
96 1056 18 160 32 24 33 384 20 1536 24 65 264 68 144 257 258 12 1056 1028 1028 288 132 544 36 128 192 1025 4 48 520 260 1028 513 257 544 17 136 272 96 1025 33 17 144 130 257 516 320 72 17 20 36 320 768 18 20 5 160 514 6 1088 1040 12 1056 264 10 288 6 17 192 1 257 10 36 1040 24 18 48 48 132 1152 6 40 130 260 4 640 257 66 1536 1026 6 129 32 2 288 544 260 576 768
110 5
72 68 17 3 5 9 34 40 3 9 33 96 6 20 3 80 34 34 9 32 3 24 5 3 3 20 34 9 34 36 12 18 12 48 12 18 5 12 9 72 10 17 9 48 10 80 80 64 12 36 80 80 34 10 24 24 48 17 12 68 80 72 9 40 48 66 96 34 17 20 32 72 10 66 20 24 3 40 96 6 24 3 20 3 17 33 36 66 66 72 33 24 48 9 12 80 40 48 18 10 640 65 1028 1032 258 192 264 320 1152 66
110 6
40 20 5 18 9 48 5 18 3 80 17 68 64 40 18 16 65 17 72 12 2 80 2 12 3 24 18 32 10 68 34 32 5 80 17 34 64 68 48 64 40 20 33 6 1 36 5 4 66 9 64 34 36 20 66 6 34 96 17 48 66 2 72 34 6 2 2 16 9 65 3 68 64 24 65 18 1 32 72 40 72 17 17 36 5 72 9 17 36 17 24 24 20 34 5 16 34 5 18 96 1025 1026 68 1026 1152 1088 544 1056 192 33
110 8
72 48 32 40 18 3 34 9 72 66 10 24 96 48 10 32 65 48 33 96 20 80 9 16 36 66 12 10 64 72 6 17 65 40 68 3 96 17 80 36 68 3 4 6 96 5 40 12 36 65 34 5 20 10 64 72 6 18 16 20 10 80 16 17 65 36 5 9 6 17 96 16 2 48 66 65 9 16 48 34 12 12 18 32 6 96 6 18 3 33 18 65 36 8 72 72 33 9 2 9 80 2 1026 1040 768 1536 288 96 528 33
110 7
8 9 48 12 12 6 72 2 12 66 66 80 65 1 17 17 6 10 17 68 34 20 8 72 12 20 6 3 5 66 40 48 96 33 66 80 34 2 20 34 40 33 48 80 40 18 68 48 72 65 65 72 40 5 96 34 20 17 6 80 18 40 18 96 48 96 2 33 12 3 72 9 34 8 64 5 65 9 6 64 16 32 10 72 48 96 34 4 18 10 24 2 18 6 17 2 36 48 18 6 129 36 1152 1 18 1032 8 160 257 68
110 7
32 6 66 66 65 80 65 66 24 34 96 18 64 3 34 1 12 72 10 80 10 12 68 6 64 8 68 72 48 1 36 40 5 64 72 33 72 5 2 48 34 33 9 24 5 3 17 9 34 20 4 36 68 66 2 16 17 36 17 33 3 32 17 20 2 12 20 3 80 33 33 68 4 18 80 16 24 10 3 6 72 10 40 6 3 65 65 33 5 18 33 20 72 9 18 5 96 9 3 34 1032 65 544 1088 9 528 288 1032 192 520
110 8
96 36 18 36 24 32 8 66 40 5 5 1 12 3 48 5 5 68 33 20 66 2 17 68 68 2 66 68 18 24 40 24 17 24 40 3 17 6 6 96 5 66 9 72 3 6 72 33 18 48 48 12 48 24 40 3 36 1 12 24 66 32 10 9 10 72 72 3 20 5 9 65 68 17 9 36 12 33 12 8 20 36 24 80 66 80 3 5 33 18 68 10 10 80 36 36 36 18 12 2 136 16 144 34 1152 528 260 1280 9 16
110 7
96 4 80 6 40 18 4 5 96 36 24 2 96 66 72 2 20 72 18 33 1 5 17 18 6 12 24 34 18 10 3 24 48 20 68 18 80 66 65 80 17 8 64 10 12 16 68 33 17 36 80 24 34 3 24 80 1 33 66 65 10 80 1 20 64 32 12 5 64 12 68 33 9 96 12 65 12 10 9 4 17 32 8 1 5 6 17 34 17 18 5 2 12 72 8 96 12 16 80 80 1280 288 320 65 24 18 288 132 520 576
110 5
2 8 34 3 9 17 32 48 16 36 48 20 5 18 17 34 20 33 9 17 34 40 66 34 66 5 12 96 12 48 36 4 5 80 9 68 32 5 64 48 48 3 48 48 65 17 20 12 68 64 34 10 20 16 64 4 10 40 96 16 80 80 40 6 96 68 34 8 40 1 17 36 10 48 2 12 32 6 2 3 33 20 72 36 36 20 24 40 33 66 80 4 5 10 20 65 68 4 9 12 34 288 129 1032 1032 260 576 33 24 34
110 6
33 48 20 2 80 17 20 80 9 40 65 24 24 34 12 66 9 66 33 12 68 8 4 5 34 40 72 72 33 2 34 6 1 33 5 2 9 20 36 4 72 40 4 65 34 65 10 72 3 1 68 68 6 68 40 66 20 17 64 36 18 96 33 1 32 32 36 3 10 80 48 96 17 34 8 72 4 34 40 72 4 3 17 33 12 80 68 17 96 34 65 5 72 18 65 34 1 80 32 36 1152 264 80 1024 516 258 136 1040 1024 272
110 5
96 16 33 10 68 5 12 5 34 16 33 2 36 2 96 40 3 24 17 34 8 24 32 12 80 5 33 17 40 80 68 1 10 96 34 1 40 24 64 80 16 65 18 33 48 24 9 80 65 72 18 24 3 33 20 6 36 65 40 66 8 6 80 18 48 17 12 2 34 33 5 32 20 80 5 8 40 34 24 32 33 4 18 4 5 33 12 72 72 3 10 12 64 9 2 66 18 34 8 40 129 1032 16 264 264 512 528 65 1088 1040
